0729748482 193.720001 49462 2083 23 0
0778376129 157.800003 2615 416 16 1
0754044345 -1708.439941 20623 304 6 1
0776398627 241.589996 14741 555 8 1
0751056249 253.229996 19337 968 17 1
0755698315 574.809998 20276 1107 23 1
0722108578 -1695.280029 23137 2677 15 0
0709961944 717.880005 32832 2695 21 0
0719889375 405.329987 39174 414 11 0
0781973896 347.239990 47699 379 12 0
0702211983 658.520020 15613 27 4 1
0773061216 348.339996 34116 1899 15 0
0719741039 -999.469971 49804 2538 25 0
0721671637 2353.409912 37459 1919 24 1
0771263816 1076.770020 48193 2619 10 1
0723188835 2116.159912 45720 2543 1 0
0758682759 195.589996 30120 2078 26 0
0708381207 1070.250000 50123 1432 24 0
0763696730 1402.300049 11141 1719 8 0
0724858302 -926.369995 13565 486 25 1
0765239722 2256.169922 32669 865 7 1
0702840622 469.329987 1380 1833 5 1
0701866529 490.690002 9730 583 12 1
0788375015 1200.410034 50779 2376 3 1
0726533541 2253.560059 3966 2303 19 0
0728832323 1399.260010 36509 1287 11 1
0755194714 1917.630005 1140 712 10 1
0763052989 844.780029 25475 2228 18 0
0771981789 -91.919998 38412 1455 29 1
0755734060 2400.760010 970 2487 20 0
0757446445 1993.550049 43349 13 22 0
0715998187 207.720001 26494 2263 8 1
0759077777 1693.050049 28041 2107 4 0
0769912958 621.119995 47736 2781 14 0
0717939413 944.510010 18197 1944 21 0
0721166498 530.669983 21216 1113 9 0
0728575616 1066.290039 28966 743 6 1
0755563462 686.809998 22444 2123 19 0
0789664305 2366.179932 4604 2714 22 1
0725293508 965.340027 45121 443 16 1
0781216590 874.270020 25268 2831 4 1
0722424783 1689.609985 49144 2724 21 1
0753651774 372.649994 6321 185 23 0
0758963541 0.000000 0 0 28 1
