
----------  FUTURE ENHANCEMENTS  ---------------
 - Increase no. of users
 - Add a database instead of text files 
 - 


----------- CHANGES FROM FLOWCHART  -------------
 - Added a globar g_usrCount variable
 - Removed "_mobileNoList[i].billDate != 0" from condition in "Display payment due users?".
 - Entering only the index of the due users to Activate/Deactivate.





------------   BACKUPS   -------------------
        
         -  package_info.txt  -
1 499 5120 350
2 999 15360 1000
3 1499 30720 2500
4 1999 51200 5000
5 299 2048 150
6 150 500 50
7 2499 81920 8000
8 349 3072 200
9 749 10240 600
10 1199 20480 1500
11 1799 40960 3500
12 99 250 0
13 3499 102400 10000
14 599 6144 400
15 899 12288 800


         -  mobile_num_info.txt  -
0729748482 193.72 49462 2083 23 0
0778376129 157.8 2615 416 16 1
0754044345 1708.44 20623 304 6 1
0776398627 241.59 14741 555 8 1
0751056249 253.23 19337 968 17 1
0755698315 574.81 20276 1107 23 1
0722108578 1695.28 23137 2677 15 0
0709961944 717.88 32832 2695 21 0
0719889375 405.33 39174 414 11 0
0781973896 347.24 47699 379 12 0
0702211983 658.52 15613 27 4 1
0773061216 348.34 34116 1899 15 0
0719741039 999.47 49804 2538 25 0
0721671637 2353.41 37459 1919 24 1
0771263816 1076.77 48193 2619 10 1
0723188835 2116.16 45720 2543 1 0
0758682759 195.59 30120 2078 26 0
0708381207 1070.25 50123 1432 24 0
0763696730 1402.3 11141 1719 8 0
0724858302 926.37 13565 486 25 1
0765239722 2256.17 32669 865 7 1
0702840622 469.33 1380 1833 5 1
0701866529 490.69 9730 583 12 1
0788375015 1200.41 50779 2376 3 1
0726533541 2253.56 3966 2303 19 0
0728832323 1399.26 36509 1287 11 1
0755194714 1917.63 1140 712 10 1
0763052989 844.78 25475 2228 18 0
0771981789 91.92 38412 1455 24 1
0755734060 2400.76 970 2487 20 0
0757446445 1993.55 43349 13 22 0
0715998187 207.72 26494 2263 8 1
0759077777 1693.05 28041 2107 4 0
0769912958 621.12 47736 2781 14 0
0717939413 944.51 18197 1944 21 0
0721166498 530.67 21216 1113 9 0
0728575616 1066.29 28966 743 6 1
0755563462 686.81 22444 2123 19 0
0789664305 2366.18 4604 2714 22 1
0725293508 965.34 45121 443 16 1
0781216590 874.27 25268 2831 4 1
0722424783 1689.61 49144 2724 21 1
0753651774 372.65 6321 185 23 0
0703980728 216.12 47279 1819 9 0
0708743500 2349.8 43841 1966 3 1
0769608066 2314.79 48066 435 3 1
0781109861 1674.68 19387 2880 2 1
0712606223 2233.71 1816 292 9 0
0782313839 1773.18 16122 2306 19 0
0702420975 1338.35 4570 420 10 0

         -  user_info.txt  -
0729748482 195162639256 K.A.D.Rajapaksha 0
0778376129 198751713905 W.M.Ranasinghe 0
0754044345 198533381426 P.A.Dias 1
0776398627 200108265392 T.H.Mendis 0
0751056249 195619522676 T.H.Herath 1
0755698315 199677526361 P.A.Silva 1
0722108578 198636119116 A.B.Mohamed 0
0709961944 195505259823 M.R.M.Kumara 1
0719889375 197234444993 W.M.Ahamed 0
0781973896 196069545382 M.I.M.Dias 1
0702211983 196416262581 M.R.M.Silva 0
0773061216 196370394259 S.N.GunawardENA 1
0719741039 199780066155 D.G.Bandara 1
0721671637 198254716175 W.M.GunawardENA 0
0771263816 198819860019 D.G.Kumara 1
0723188835 199335080381 M.R.M.Karunaratne 1
0758682759 197723310425 M.R.M.Weerasinghe 0
0708381207 200582876540 D.G.Ranasinghe 0
0763696730 198430752487 S.N.Perera 0
0724858302 196512484364 W.M.Silva 1
0765239722 199806696474 S.N.Alwis 0
0702840622 200560980686 S.A.Subasinghe 1
0701866529 197856242493 S.A.Silva 1
0788375015 198700419305 A.B.Dias 0
0726533541 195414397684 S.N.Ranasinghe 0
0728832323 196570934957 W.M.de Silva 1
0755194714 197652898259 W.M.Fernando 1
0763052989 200112835112 S.A.Alwis 1
0771981789 196173742742 W.M.Kumara 0
0755734060 195508663269 S.N.Premachandra 0
0757446445 195319510282 P.A.Mendis 1
0715998187 199458034890 M.R.M.Ranasinghe 0
0759077777 199753016572 D.G.Premachandra 0
0769912958 195503687992 W.M.Mohamed 0
0717939413 198629787924 A.B.Ahamed 0
0721166498 197060597782 T.H.Dias 1
0728575616 199273551441 W.M.Perera 1
0755563462 195426044760 K.A.D.Herath 0
0789664305 196822581200 M.R.M.Ahamed 0
0725293508 199206944664 W.M.de Silva 0
0781216590 198817636685 M.R.M.Weerasinghe 1
0722424783 195564215778 A.B.Samarasinghe 0
0753651774 196078366057 M.I.M.Perera 0
0703980728 198419086350 M.I.M.GunawardENA 1
0708743500 196952156898 S.A.Mohamed 0
0769608066 197281830257 S.A.Jayawardena 0
0781109861 196171197806 S.A.Mendis 0
0712606223 197424139154 S.A.Senanayake 1
0782313839 200211513101 S.A.Bandara 1
0702420975 199968094080 M.I.M.Bandara 1