0729748482 195162639256 K.A.D.Rajapaksha 0
0778376129 198751713905 W.M.Ranasinghe 0
0754044345 198533381426 P.A.Dias 1
0776398627 200108265392 T.H.Mendis 0
0751056249 195619522676 T.H.Herath 1
0755698315 199677526361 P.A.Silva 1
0722108578 198636119116 A.B.Mohamed 0
0709961944 195505259823 M.R.M.Kumara 1
0719889375 197234444993 W.M.Ahamed 0
0781973896 196069545382 M.I.M.Dias 1
0702211983 196416262581 M.R.M.Silva 0
0773061216 196370394259 S.N.GunawardENA 1
0719741039 199780066155 D.G.Bandara 1
0721671637 198254716175 W.M.GunawardENA 0
0771263816 198819860019 D.G.Kumara 1
0723188835 199335080381 M.R.M.Karunaratne 1
0758682759 197723310425 M.R.M.Weerasinghe 0
0708381207 200582876540 D.G.Ranasinghe 0
0763696730 198430752487 S.N.Perera 0
0724858302 196512484364 W.M.Silva 1
0765239722 199806696474 S.N.Alwis 0
0702840622 200560980686 S.A.Subasinghe 1
0701866529 197856242493 S.A.Silva 1
0788375015 198700419305 A.B.Dias 0
0726533541 195414397684 S.N.Ranasinghe 0
0728832323 196570934957 W.M.de 0
0755194714 197652898259 W.M.Fernando 1
0763052989 200112835112 S.A.Alwis 1
0771981789 196173742742 W.M.Kumara 0
0755734060 195508663269 S.N.Premachandra 0
0757446445 195319510282 P.A.Mendis 1
0715998187 199458034890 M.R.M.Ranasinghe 0
0759077777 199753016572 D.G.Premachandra 0
0769912958 195503687992 W.M.Mohamed 0
0717939413 198629787924 A.B.Ahamed 0
0721166498 197060597782 T.H.Dias 1
0728575616 199273551441 W.M.Perera 1
0755563462 195426044760 K.A.D.Herath 0
0789664305 196822581200 M.R.M.Ahamed 0
0725293508 199206944664 W.M.de 661
0781216590 198817636685 M.R.M.Weerasinghe 1
0722424783 195564215778 A.B.Samarasinghe 0
0753651774 196078366057 M.I.M.Perera 0
